{
  "camera_angle_x": 1.123215331116296,
  "camera_angle_y": 0.8818213805963535,
  "fl_x": 3204.1125528481984,
  "fl_y": 3204.1125528481984,
  "k1": 0.009248710417577174,
  "k2": 0,
  "k3": 0,
  "k4": 0,
  "p1": 0,
  "p2": 0,
  "is_fisheye": false,
  "cx": 2016.0,
  "cy": 1512.0,
  "w": 4032.0,
  "h": 3024.0,
  "aabb_scale": 4,
  "frames": [
    {
      "file_path": "img/PXL_20240930_010320762.jpg",
      "transform_matrix": [
        [
          0.9848603449878828,
          0.006519698726252695,
          0.1732270025107732,
          1.8327796703343302
        ],
        [
          -0.019339654168419537,
          0.9971865343373842,
          0.07242232744701571,
          0.1864829776429769
        ],
        [
          -0.1722674625313627,
          -0.0746760287154836,
          0.9822155629434355,
          4.309643283456628
        ],
        [
          0.0,
          0.0,
          0.0,
          1.0
        ]
      ],
      "gt_points": 16763
    },
    {
      "file_path": "img/PXL_20240930_010322686.jpg",
      "transform_matrix": [
        [
          0.9999999331241364,
          -3.4032992270844534e-05,
          0.0003641338740927663,
          1.076997261619748
        ],
        [
          3.408008255993876e-05,
          0.9999999910579678,
          -0.00012931594019015613,
          -0.22379696506172025
        ],
        [
          -0.0003641294698282765,
          0.0001293283412545329,
          0.9999999253419519,
          4.530944403764958
        ],
        [
          0.0,
          0.0,
          0.0,
          1.0
        ]
      ],
      "gt_points": 19777
    },
    {
      "file_path": "img/PXL_20240930_010325984.jpg",
      "transform_matrix": [
        [
          0.9998971857540255,
          0.00275377159417362,
          0.014072478928276833,
          1.1166340205230252
        ],
        [
          0.0017494834163281473,
          0.9506272484424341,
          -0.3103301046088549,
          -1.84549103870484
        ],
        [
          -0.014232260149240731,
          0.31032281782165805,
          0.9505246927409463,
          3.9235767906850927
        ],
        [
          0.0,
          0.0,
          0.0,
          1.0
        ]
      ],
      "gt_points": 33421
    },
    {
      "file_path": "img/PXL_20240930_010316436.jpg",
      "transform_matrix": [
        [
          0.8594142674158294,
          -0.002260298858933335,
          0.5112748849798723,
          3.6229737765468815
        ],
        [
          -0.19390372995739766,
          0.9238436212491933,
          0.33002167653926273,
          1.391164086107323
        ],
        [
          -0.473083988812475,
          -0.38276344460547096,
          0.7935261085830968,
          3.2110351294304644
        ],
        [
          0.0,
          0.0,
          0.0,
          1.0
        ]
      ],
      "gt_points": 10287
    },
    {
      "file_path": "img/PXL_20240930_010327728.jpg",
      "transform_matrix": [
        [
          0.999661157853244,
          -0.003623761651480267,
          0.02577669162255989,
          1.1563124739954052
        ],
        [
          0.014240565591715488,
          0.9050647978323617,
          -0.4250351962088483,
          -2.4391912242388623
        ],
        [
          -0.021789349947608283,
          0.42525825103830656,
          0.9048097281487977,
          3.619614680000213
        ],
        [
          0.0,
          0.0,
          0.0,
          1.0
        ]
      ],
      "gt_points": 26920
    },
    {
      "file_path": "img/PXL_20240930_010329526.jpg",
      "transform_matrix": [
        [
          0.9865108997828858,
          -0.014871207996399335,
          0.1630186853777478,
          1.896059408816617
        ],
        [
          0.10404181550198156,
          0.8258032760662933,
          -0.5542781340313083,
          -3.034782388860104
        ],
        [
          -0.12637857902592878,
          0.5637621807206521,
          0.8162111603944667,
          2.983832632135421
        ],
        [
          0.0,
          0.0,
          0.0,
          1.0
        ]
      ],
      "gt_points": 13012
    },
    {
      "file_path": "img/PXL_20240930_010311608.jpg",
      "transform_matrix": [
        [
          0.9154394739987992,
          -0.020008386060776668,
          0.4019580002090327,
          3.0743291582623775
        ],
        [
          0.05531214937755739,
          0.9955406872347633,
          -0.07641535311290429,
          -0.5533963362723712
        ],
        [
          -0.398636595881558,
          0.09218679161017587,
          0.9124639499051924,
          3.6638798539582274
        ],
        [
          0.0,
          0.0,
          0.0,
          1.0
        ]
      ],
      "gt_points": 23174
    },
    {
      "file_path": "img/PXL_20240930_010331653.jpg",
      "transform_matrix": [
        [
          0.9166073123410551,
          -0.017928205079694323,
          0.3993865476271427,
          3.0233565542288576
        ],
        [
          0.2504805250299487,
          0.8043647496542895,
          -0.5387549128261508,
          -2.8224392965235285
        ],
        [
          -0.3115935518325576,
          0.5938652447956629,
          0.7417772775437104,
          2.4035303959821785
        ],
        [
          0.0,
          0.0,
          0.0,
          1.0
        ]
      ],
      "gt_points": 8532
    },
    {
      "file_path": "img/PXL_20240930_010309157.jpg",
      "transform_matrix": [
        [
          0.9320665884678436,
          -0.03737218547235001,
          0.36035426237930884,
          2.891432653315753
        ],
        [
          0.14557767726011867,
          0.9494645646721245,
          -0.2780722573640203,
          -1.4919247867994547
        ],
        [
          -0.3317514348807918,
          0.3116413967767978,
          0.8904047536202524,
          3.510051772730482
        ],
        [
          0.0,
          0.0,
          0.0,
          1.0
        ]
      ],
      "gt_points": 29105
    },
    {
      "file_path": "img/PXL_20240930_010333344.jpg",
      "transform_matrix": [
        [
          0.9998719258544746,
          -0.009972402060107324,
          0.0125173114212132,
          1.174740814844453
        ],
        [
          0.015490566316224998,
          0.7995861504501918,
          -0.6003515889572093,
          -3.3967257019624757
        ],
        [
          -0.004021721430768503,
          0.6004685996831098,
          0.799638222292643,
          3.057842031751274
        ],
        [
          0.0,
          0.0,
          0.0,
          1.0
        ]
      ],
      "gt_points": 16001
    },
    {
      "file_path": "img/PXL_20240930_010338857.jpg",
      "transform_matrix": [
        [
          0.7567481153355059,
          0.0649086657686291,
          -0.6504760987494438,
          -2.368088384353892
        ],
        [
          -0.2943666464205506,
          0.9222987710415861,
          -0.2504261456204174,
          -2.1833534623183617
        ],
        [
          0.5836784794827357,
          0.3809879814945825,
          0.7170548030279174,
          3.7916342261913343
        ],
        [
          0.0,
          0.0,
          0.0,
          1.0
        ]
      ],
      "gt_points": 17054
    },
    {
      "file_path": "img/PXL_20240930_010340292.jpg",
      "transform_matrix": [
        [
          0.7708631094060602,
          0.06350739808239567,
          -0.6338271664622971,
          -2.27444023769232
        ],
        [
          -0.18604282768654712,
          0.9740806110699891,
          -0.12866634915124553,
          -1.3270586820622854
        ],
        [
          0.6092274885649974,
          0.21710314029585248,
          0.7626979045798311,
          4.240990234604006
        ],
        [
          0.0,
          0.0,
          0.0,
          1.0
        ]
      ],
      "gt_points": 14608
    },
    {
      "file_path": "img/PXL_20240930_010341552.jpg",
      "transform_matrix": [
        [
          0.7859104672177981,
          0.06370450747894417,
          -0.6150499762168659,
          -2.1393739460968875
        ],
        [
          -0.13847421366789203,
          0.9875481759606739,
          -0.07465582566554804,
          -0.8969347301183408
        ],
        [
          0.6026355695331641,
          0.14384135665242753,
          0.7849458799495848,
          4.357147339505755
        ],
        [
          0.0,
          0.0,
          0.0,
          1.0
        ]
      ],
      "gt_points": 12485
    },
    {
      "file_path": "img/PXL_20240930_010314025.jpg",
      "transform_matrix": [
        [
          0.8905156892156402,
          -0.014050257629905055,
          0.4547355248068121,
          3.2521952273582215
        ],
        [
          -0.05660048756643117,
          0.9883361758728517,
          0.141378881974183,
          0.5015753372701394
        ],
        [
          -0.45141797933626415,
          -0.15163836493961871,
          0.8793336194018759,
          3.5928366896619828
        ],
        [
          0.0,
          0.0,
          0.0,
          1.0
        ]
      ],
      "gt_points": 22441
    },
    {
      "file_path": "img/PXL_20240930_010342937.jpg",
      "transform_matrix": [
        [
          0.8091717644325123,
          0.05624372910570946,
          -0.5848740878013476,
          -1.9355128148436513
        ],
        [
          -0.07316141780840119,
          0.9973059559040893,
          -0.005313874527612162,
          -0.36085583257759485
        ],
        [
          0.5829995390988225,
          0.04709005473042284,
          0.8111066909821705,
          4.512243869518466
        ],
        [
          0.0,
          0.0,
          0.0,
          1.0
        ]
      ],
      "gt_points": 8700
    },
    {
      "file_path": "img/PXL_20240930_010344391.jpg",
      "transform_matrix": [
        [
          0.8002054847472094,
          0.05435561715561403,
          -0.5972576069537465,
          -2.0261760112460863
        ],
        [
          -0.017759400793281404,
          0.9975951937812672,
          0.06699576873191039,
          0.12702642001726902
        ],
        [
          0.5994629145025965,
          -0.04300344437540258,
          0.7992464688116578,
          4.473222081393386
        ],
        [
          0.0,
          0.0,
          0.0,
          1.0
        ]
      ],
      "gt_points": 5288
    },
    {
      "file_path": "img/PXL_20240930_010335145.jpg",
      "transform_matrix": [
        [
          0.9569412631886266,
          0.0060394934324968785,
          -0.29021878527420397,
          -0.44362903133911763
        ],
        [
          -0.17184599697178315,
          0.8175518702252645,
          -0.5496161322377157,
          -3.297031669905428
        ],
        [
          0.23394950765438594,
          0.5758232923477923,
          0.7833869821857007,
          3.1526419204305007
        ],
        [
          0.0,
          0.0,
          0.0,
          1.0
        ]
      ],
      "gt_points": 18581
    },
    {
      "file_path": "img/PXL_20240930_010345910.jpg",
      "transform_matrix": [
        [
          0.7923261048886153,
          0.043692641050991826,
          -0.6085312618346113,
          -2.0715522297366484
        ],
        [
          0.09279646361290678,
          0.9771964547782185,
          0.19098666212544735,
          1.0289072444130092
        ],
        [
          0.6029993033602721,
          -0.20779326718368546,
          0.7702037381499496,
          4.436783704285587
        ],
        [
          0.0,
          0.0,
          0.0,
          1.0
        ]
      ],
      "gt_points": 1013
    },
    {
      "file_path": "img/PXL_20240930_010350202.jpg",
      "transform_matrix": [
        [
          0.8702939568120254,
          0.02986432853871241,
          -0.49162643401001177,
          -1.365342412768548
        ],
        [
          0.10994814222253496,
          0.9611924871168717,
          0.2530225458963999,
          1.422298825590536
        ],
        [
          0.4801039832768333,
          -0.27425740571772056,
          0.833236485429379,
          4.70900018819541
        ],
        [
          0.0,
          0.0,
          0.0,
          1.0
        ]
      ],
      "gt_points": 1999
    },
    {
      "file_path": "img/PXL_20240930_010352423.jpg",
      "transform_matrix": [
        [
          0.9740534523857786,
          0.019546786003454296,
          -0.2254723820166917,
          0.323883202533505
        ],
        [
          -0.047914250586714634,
          0.9914908890370592,
          -0.12103735599894598,
          -0.7491278465682264
        ],
        [
          0.2211879212028978,
          0.12870019469075109,
          0.9667016930783268,
          3.8707569190666296
        ],
        [
          0.0,
          0.0,
          0.0,
          1.0
        ]
      ],
      "gt_points": 20829
    },
    {
      "file_path": "img/PXL_20240930_010318553.jpg",
      "transform_matrix": [
        [
          0.968108670349842,
          0.018786461954527572,
          0.24982528142822544,
          2.2778328878169702
        ],
        [
          -0.08802279450483107,
          0.9591159486783931,
          0.26897692212958774,
          1.1790315767630273
        ],
        [
          -0.23455828708664553,
          -0.28238920984693644,
          0.9301821026664627,
          4.107258852221293
        ],
        [
          0.0,
          0.0,
          0.0,
          1.0
        ]
      ],
      "gt_points": 17439
    },
    {
      "file_path": "img/PXL_20240930_010355481.jpg",
      "transform_matrix": [
        [
          0.4988337675518926,
          0.05724363400148039,
          -0.8648052027574122,
          0.042231036740991365
        ],
        [
          -0.3148500132841019,
          0.9416162227420699,
          -0.11928268191132173,
          -1.0871322140968882
        ],
        [
          0.8074864342420778,
          0.33178615919785026,
          0.48773312690420517,
          2.4837390963661017
        ],
        [
          0.0,
          0.0,
          0.0,
          1.0
        ]
      ],
      "gt_points": 10755
    },
    {
      "file_path": "img/PXL_20240930_010324401.jpg",
      "transform_matrix": [
        [
          0.9998399904311173,
          0.005725988352676771,
          0.01694717062191633,
          1.1262473569216398
        ],
        [
          -0.0027206192829510954,
          0.9850392981454197,
          -0.17230838441554786,
          -1.1377740154173268
        ],
        [
          -0.017680264857195115,
          0.17223470662605722,
          0.9848972606663171,
          4.258051356691861
        ],
        [
          0.0,
          0.0,
          0.0,
          1.0
        ]
      ],
      "gt_points": 26957
    },
    {
      "file_path": "img/PXL_20240930_010358355.jpg",
      "transform_matrix": [
        [
          0.211093116106503,
          0.07250520261637665,
          -0.9747731489562097,
          -0.4106698856152892
        ],
        [
          -0.3082924423690285,
          0.9512832422881137,
          0.003995362305651257,
          -0.88203044426455
        ],
        [
          0.9275750461879546,
          0.2996718013683842,
          0.22316214991355943,
          2.4732189316981685
        ],
        [
          0.0,
          0.0,
          0.0,
          1.0
        ]
      ],
      "gt_points": 10351
    },
    {
      "file_path": "img/PXL_20240930_010359798.jpg",
      "transform_matrix": [
        [
          0.15298027308655957,
          0.05262532876349926,
          -0.9868270419981888,
          -0.5509316563098202
        ],
        [
          -0.07204868257131258,
          0.9965175659304862,
          0.0419729452352033,
          -0.016064951992096888
        ],
        [
          0.9855993219285917,
          0.06467855567738626,
          0.15623911497889176,
          2.6266441135824894
        ],
        [
          0.0,
          0.0,
          0.0,
          1.0
        ]
      ],
      "gt_points": 4380
    },
    {
      "file_path": "img/PXL_20240930_010407433.jpg",
      "transform_matrix": [
        [
          -0.6043230515620062,
          0.07195902512302996,
          -0.7934831743988828,
          -2.5416648851820884
        ],
        [
          -0.16438321801591826,
          0.96322453397602,
          0.21254800582788383,
          -0.21642886730450403
        ],
        [
          0.7795972081693956,
          0.25888297713450026,
          -0.5702699335967677,
          1.33120797649846
        ],
        [
          0.0,
          0.0,
          0.0,
          1.0
        ]
      ],
      "gt_points": 5067
    },
    {
      "file_path": "img/PXL_20240930_010337401.jpg",
      "transform_matrix": [
        [
          0.7901774042613329,
          0.07759134442409782,
          -0.6079467518338125,
          -2.1321649509538263
        ],
        [
          -0.36898758069612697,
          0.8522568981685048,
          -0.3708184796045336,
          -2.872114488220764
        ],
        [
          0.4893545085996872,
          0.5173371848172715,
          0.702064386020612,
          3.505260247525861
        ],
        [
          0.0,
          0.0,
          0.0,
          1.0
        ]
      ],
      "gt_points": 18554
    },
    {
      "file_path": "img/PXL_20240930_010411142.jpg",
      "transform_matrix": [
        [
          -0.8408697612433089,
          0.03879608648110519,
          -0.5398452632934482,
          -1.8704907846800334
        ],
        [
          -0.32950884703775163,
          0.7545830725310325,
          0.5674753795306702,
          -0.690062454990555
        ],
        [
          0.4293739213674643,
          0.655056677184026,
          -0.621722434311446,
          0.5138752488561282
        ],
        [
          0.0,
          0.0,
          0.0,
          1.0
        ]
      ],
      "gt_points": 10576
    },
    {
      "file_path": "img/PXL_20240930_010412546.jpg",
      "transform_matrix": [
        [
          -0.8439442317180776,
          0.055739181567215884,
          -0.5335272039812041,
          -1.9517790394603127
        ],
        [
          -0.37266460951880476,
          0.6544744752682072,
          0.6578633977009222,
          -0.7539572063981123
        ],
        [
          0.38584870423778966,
          0.7540267268874637,
          -0.531567937875675,
          0.31246491271720656
        ],
        [
          0.0,
          0.0,
          0.0,
          1.0
        ]
      ],
      "gt_points": 10297
    },
    {
      "file_path": "img/PXL_20240930_010529321.jpg",
      "transform_matrix": [
        [
          -0.7816629766596205,
          -0.06736180672328658,
          0.6200527218830648,
          -0.3219509702182213
        ],
        [
          -0.039173882948506954,
          0.9974901143147941,
          0.05898202047230719,
          0.503323659171808
        ],
        [
          -0.6224695958955421,
          0.021814188942831974,
          -0.7823399154756251,
          4.557007469134596
        ],
        [
          0.0,
          0.0,
          0.0,
          1.0
        ]
      ],
      "gt_points": 10531
    },
    {
      "file_path": "img/PXL_20240930_010414981.jpg",
      "transform_matrix": [
        [
          -0.9995365586234084,
          -0.0047619261434437565,
          0.030066460295116403,
          -1.4660971566525571
        ],
        [
          0.010214008884925409,
          0.8779684165040899,
          0.47860958373584594,
          -0.09390293119281981
        ],
        [
          -0.028676506024480897,
          0.47869487534410216,
          -0.8775128912566027,
          0.14701723583521425
        ],
        [
          0.0,
          0.0,
          0.0,
          1.0
        ]
      ],
      "gt_points": 5359
    },
    {
      "file_path": "img/PXL_20240930_010533799.jpg",
      "transform_matrix": [
        [
          -0.9832900461816885,
          -0.04626217976919489,
          0.17606957659691433,
          2.2371112556246393
        ],
        [
          0.05601156085195669,
          0.84337274360204,
          0.5344016470783892,
          -2.3997424506046343
        ],
        [
          -0.17321486694548346,
          0.5353337520390158,
          -0.826688807107541,
          3.284559344775949
        ],
        [
          0.0,
          0.0,
          0.0,
          1.0
        ]
      ],
      "gt_points": 19273
    },
    {
      "file_path": "img/PXL_20240930_010416419.jpg",
      "transform_matrix": [
        [
          -0.9994761939973157,
          -0.01229998969697612,
          0.02993405896457621,
          -1.4686678491117262
        ],
        [
          -0.004459693818673766,
          0.9684814228546706,
          0.24904586869979645,
          0.14143601121407615
        ],
        [
          -0.032053841636910343,
          0.24878192024109558,
          -0.9680289806599125,
          0.23168504738940326
        ],
        [
          0.0,
          0.0,
          0.0,
          1.0
        ]
      ],
      "gt_points": 3014
    },
    {
      "file_path": "img/PXL_20240930_010423185.jpg",
      "transform_matrix": [
        [
          -0.7784733689674633,
          -0.055306957581096834,
          0.6252362387542567,
          -1.1443134841523162
        ],
        [
          0.10981547984569906,
          0.9687459128375594,
          0.22242283324061557,
          0.004080805646452069
        ],
        [
          -0.6179965810542207,
          0.2418108699038291,
          -0.7480693343545415,
          0.57301954517422
        ],
        [
          0.0,
          0.0,
          0.0,
          1.0
        ]
      ],
      "gt_points": 3856
    },
    {
      "file_path": "img/PXL_20240930_010424723.jpg",
      "transform_matrix": [
        [
          -0.7741483597462301,
          -0.05436205163458368,
          0.630665588441529,
          -1.1368610272156736
        ],
        [
          -0.008608205097940157,
          0.9971175132084749,
          0.07538278091141637,
          0.23300126694705506
        ],
        [
          -0.6329456658412419,
          0.05292855746216462,
          -0.7723848470145961,
          0.6261196135599
        ],
        [
          0.0,
          0.0,
          0.0,
          1.0
        ]
      ],
      "gt_points": 4761
    },
    {
      "file_path": "img/PXL_20240930_010403184.jpg",
      "transform_matrix": [
        [
          0.029002450759670007,
          0.0707496092033111,
          -0.9970723898732289,
          -0.8763885134731476
        ],
        [
          -0.2662614487569594,
          0.9619993002960524,
          0.06051600726874398,
          -0.6728813090276963
        ],
        [
          0.9634644252673673,
          0.2637268265222261,
          0.04673823078313555,
          2.4600194336843644
        ],
        [
          0.0,
          0.0,
          0.0,
          1.0
        ]
      ],
      "gt_points": 11074
    },
    {
      "file_path": "img/PXL_20240930_010426796.jpg",
      "transform_matrix": [
        [
          -0.5097256026614043,
          -0.09877349836070773,
          0.8546482352483129,
          -1.3077218798857042
        ],
        [
          -0.04228500600715047,
          0.9950633883357173,
          0.08978213330511156,
          0.3933521929793274
        ],
        [
          -0.8592972641981607,
          0.009625446245699075,
          -0.5113859232772523,
          0.2338651881966625
        ],
        [
          0.0,
          0.0,
          0.0,
          1.0
        ]
      ],
      "gt_points": 3705
    },
    {
      "file_path": "img/PXL_20240930_010404558.jpg",
      "transform_matrix": [
        [
          -0.1650629182996773,
          0.09511755925906061,
          -0.9816857353160396,
          -1.4199236137812916
        ],
        [
          -0.27655078810581407,
          0.9509463061084035,
          0.13863904391200793,
          -0.6386564020980569
        ],
        [
          0.9467174312330197,
          0.29437012895227943,
          -0.1306611364567567,
          2.2814558160523384
        ],
        [
          0.0,
          0.0,
          0.0,
          1.0
        ]
      ],
      "gt_points": 12474
    },
    {
      "file_path": "img/PXL_20240930_010429587.jpg",
      "transform_matrix": [
        [
          -0.21195648146805846,
          -0.07875232925409366,
          0.9741008780412506,
          -1.4163002070382107
        ],
        [
          0.19261108914745007,
          0.9738309339732366,
          0.1206411222355242,
          0.1317860583232906
        ],
        [
          -0.9581103372269362,
          0.21319329884841237,
          -0.19124120639919084,
          0.03185550637412024
        ],
        [
          0.0,
          0.0,
          0.0,
          1.0
        ]
      ],
      "gt_points": 6857
    },
    {
      "file_path": "img/PXL_20240930_010549639.jpg",
      "transform_matrix": [
        [
          0.8213237621525888,
          -0.08033790054251576,
          0.5647770351740043,
          -4.9180931607595095
        ],
        [
          0.24901773064574145,
          0.9412191681398727,
          -0.2282468999792351,
          -0.4798189714090502
        ],
        [
          -0.5132420944813106,
          0.3281040982104717,
          0.793051229864711,
          -1.2993755290664877
        ],
        [
          0.0,
          0.0,
          0.0,
          1.0
        ]
      ],
      "gt_points": 8997
    },
    {
      "file_path": "img/PXL_20240930_010405941.jpg",
      "transform_matrix": [
        [
          -0.3763246885177615,
          0.06755682921655962,
          -0.9240215385142356,
          -1.9575094570285791
        ],
        [
          -0.23582076436481034,
          0.9575055536387762,
          0.16604722775553138,
          -0.5169296106776601
        ],
        [
          0.8959733790165905,
          0.2803911367663131,
          -0.34440167612322725,
          1.9143199779014193
        ],
        [
          0.0,
          0.0,
          0.0,
          1.0
        ]
      ],
      "gt_points": 10556
    },
    {
      "file_path": "img/PXL_20240930_010418123.jpg",
      "transform_matrix": [
        [
          -0.9979559549055128,
          -0.027578291029468557,
          0.057648503298180914,
          -1.4739710014658873
        ],
        [
          -0.028732552077336035,
          0.9994009852222985,
          -0.01929018371665496,
          0.3721576529800565
        ],
        [
          -0.0570819806922431,
          -0.02090714233445263,
          -0.9981505592242372,
          0.1888903605227066
        ],
        [
          0.0,
          0.0,
          0.0,
          1.0
        ]
      ],
      "gt_points": 2409
    },
    {
      "file_path": "img/PXL_20240930_010432864.jpg",
      "transform_matrix": [
        [
          0.029614565223652592,
          -0.05213233049651503,
          0.9982009805863827,
          -1.9461303318366052
        ],
        [
          0.5284501721030652,
          0.8484812622975304,
          0.02863499841505604,
          0.11872537179505839
        ],
        [
          -0.8484476372357075,
          0.5266514669560806,
          0.05267674270637457,
          -0.41549609424217865
        ],
        [
          0.0,
          0.0,
          0.0,
          1.0
        ]
      ],
      "gt_points": 8902
    },
    {
      "file_path": "img/PXL_20240930_010431373.jpg",
      "transform_matrix": [
        [
          -0.08624811426449333,
          -0.04021439177083547,
          0.9954617348147147,
          -1.7893154431622909
        ],
        [
          0.43367708534555677,
          0.8980367034594042,
          0.07385299510479507,
          0.07046973029950662
        ],
        [
          -0.8969311280315798,
          0.4380786252880503,
          -0.06001391200155537,
          -0.14446634277402665
        ],
        [
          0.0,
          0.0,
          0.0,
          1.0
        ]
      ],
      "gt_points": 9220
    },
    {
      "file_path": "img/PXL_20240930_010531711.jpg",
      "transform_matrix": [
        [
          -0.9907031250596898,
          -0.029937933095009105,
          0.13270658672034177,
          2.3890752441993364
        ],
        [
          0.012734904303622096,
          0.9507930655793132,
          0.3095648052648579,
          -0.8478225246509672
        ],
        [
          -0.13544423283898957,
          0.3083768256667329,
          -0.9415724046414949,
          3.9275474822768275
        ],
        [
          0.0,
          0.0,
          0.0,
          1.0
        ]
      ],
      "gt_points": 18465
    },
    {
      "file_path": "img/PXL_20240930_010442001.jpg",
      "transform_matrix": [
        [
          0.8677419378516898,
          -0.03644182638984994,
          0.495677236296732,
          -1.2051342715435647
        ],
        [
          0.1370633877111456,
          0.9761812916172737,
          -0.16817762528224545,
          0.5281242356778099
        ],
        [
          -0.4777421449302316,
          0.2138739796838391,
          0.8520682858619129,
          -1.6052149837229441
        ],
        [
          0.0,
          0.0,
          0.0,
          1.0
        ]
      ],
      "gt_points": 17573
    },
    {
      "file_path": "img/PXL_20240930_010553949.jpg",
      "transform_matrix": [
        [
          0.35134178319993825,
          -0.09352713326896522,
          0.9315640754775686,
          -4.122069230387465
        ],
        [
          0.5086663983871791,
          0.8544055637801146,
          -0.10606426228188395,
          -2.0769137166091127
        ],
        [
          -0.786013642712201,
          0.5111201501839601,
          0.3477624843858562,
          1.1371479505213045
        ],
        [
          0.0,
          0.0,
          0.0,
          1.0
        ]
      ],
      "gt_points": 5882
    },
    {
      "file_path": "img/PXL_20240930_010443984.jpg",
      "transform_matrix": [
        [
          0.6859737223739589,
          -0.025998865404896987,
          0.7271616816156314,
          -1.5517030853594467
        ],
        [
          0.09403313569430612,
          0.9941486552174531,
          -0.0531622113989427,
          0.4521879737793453
        ],
        [
          -0.7215246507250539,
          0.10484517312202651,
          0.6844046084510984,
          -1.2064856163572968
        ],
        [
          0.0,
          0.0,
          0.0,
          1.0
        ]
      ],
      "gt_points": 18998
    },
    {
      "file_path": "img/PXL_20240930_010445213.jpg",
      "transform_matrix": [
        [
          0.7077700878991096,
          -0.05176160154706348,
          0.7045439938574238,
          -1.4293746461090147
        ],
        [
          -0.051502406547389606,
          0.9908775018874247,
          0.12453625324845793,
          0.18288019172391107
        ],
        [
          -0.7045629885220441,
          -0.12442874611045346,
          0.6986476095616918,
          -1.3076214933595909
        ],
        [
          0.0,
          0.0,
          0.0,
          1.0
        ]
      ],
      "gt_points": 15782
    },
    {
      "file_path": "img/PXL_20240930_010446951.jpg",
      "transform_matrix": [
        [
          0.9112425757430457,
          -0.048892683497315924,
          0.4089577895744387,
          -1.1510658285383146
        ],
        [
          -0.04165551743882678,
          0.9768974834308433,
          0.20960945764299102,
          0.15551500416720992
        ],
        [
          -0.40975820433529236,
          -0.20804041041806406,
          0.8881539290083675,
          -1.8268090892978066
        ],
        [
          0.0,
          0.0,
          0.0,
          1.0
        ]
      ],
      "gt_points": 9293
    },
    {
      "file_path": "img/PXL_20240930_010551777.jpg",
      "transform_matrix": [
        [
          0.8793834444180617,
          -0.09748212424004865,
          0.46602788879751983,
          -4.778201232085819
        ],
        [
          0.289192185112253,
          0.8869287339380614,
          -0.3601739871021059,
          -0.4329467993261423
        ],
        [
          -0.37822300003229076,
          0.4515026648522412,
          0.8081415135221668,
          -1.9652744228570196
        ],
        [
          0.0,
          0.0,
          0.0,
          1.0
        ]
      ],
      "gt_points": 4103
    },
    {
      "file_path": "img/PXL_20240930_010448768.jpg",
      "transform_matrix": [
        [
          0.9728933037198951,
          -0.03818310033936255,
          0.22808040342270133,
          -0.9842065854751657
        ],
        [
          -0.006055665460137038,
          0.981729984716311,
          0.19018298037612794,
          0.15091855559507222
        ],
        [
          -0.23117514678879933,
          -0.18640892671056805,
          0.9548873041096478,
          -2.0031779895364115
        ],
        [
          0.0,
          0.0,
          0.0,
          1.0
        ]
      ],
      "gt_points": 10244
    },
    {
      "file_path": "img/PXL_20240930_010435672.jpg",
      "transform_matrix": [
        [
          0.46991096936120436,
          -0.051192185645787494,
          0.88122814356035,
          -1.5074885301414338
        ],
        [
          0.28147892296964444,
          0.954890324861642,
          -0.09462601867074762,
          0.26461245725842397
        ],
        [
          -0.8366321155668497,
          0.2925129529002689,
          0.46312295946940785,
          -0.7263258824504858
        ],
        [
          0.0,
          0.0,
          0.0,
          1.0
        ]
      ],
      "gt_points": 18554
    },
    {
      "file_path": "img/PXL_20240930_010537375.jpg",
      "transform_matrix": [
        [
          -0.19301575280642255,
          -0.021301873357567752,
          0.9809643976006612,
          -2.3323871627004227
        ],
        [
          0.3270820997624121,
          0.9411838770739703,
          0.08479510334341783,
          -1.468390888630843
        ],
        [
          -0.9250741695580855,
          0.33722268566552216,
          -0.17469585309603364,
          3.4217915377334247
        ],
        [
          0.0,
          0.0,
          0.0,
          1.0
        ]
      ],
      "gt_points": 22893
    },
    {
      "file_path": "img/PXL_20240930_010450209.jpg",
      "transform_matrix": [
        [
          0.9637717687328924,
          -0.04989726748962101,
          0.26201954219206885,
          -1.0120891995181058
        ],
        [
          0.08092183648643257,
          0.9907447462768096,
          -0.1089793746750417,
          0.48933869226477594
        ],
        [
          -0.2541567118396349,
          0.12623434723548604,
          0.9588895950029365,
          -2.0762048026537694
        ],
        [
          0.0,
          0.0,
          0.0,
          1.0
        ]
      ],
      "gt_points": 14973
    },
    {
      "file_path": "img/PXL_20240930_010602571.jpg",
      "transform_matrix": [
        [
          0.4833836679405585,
          -0.043001038268474207,
          0.8743518400942294,
          -2.3147050022578353
        ],
        [
          0.3012702835417582,
          0.9459534867690708,
          -0.12003423313416137,
          -0.4775484020480623
        ],
        [
          -0.8219345751475602,
          0.32143881467126956,
          0.47021340112732724,
          -0.9070589935515142
        ],
        [
          0.0,
          0.0,
          0.0,
          1.0
        ]
      ],
      "gt_points": 16525
    },
    {
      "file_path": "img/PXL_20240930_010605523.jpg",
      "transform_matrix": [
        [
          0.48457966803230507,
          -0.03553367737342758,
          0.874025115830216,
          -2.4415844510636107
        ],
        [
          0.37480066117526245,
          0.9112455638998622,
          -0.17075124203181738,
          -1.8535078375128267
        ],
        [
          -0.7903840899918769,
          0.4103277714768321,
          0.454889118624055,
          -2.1191436520342783
        ],
        [
          0.0,
          0.0,
          0.0,
          1.0
        ]
      ],
      "gt_points": 1559
    },
    {
      "file_path": "img/PXL_20240930_010451846.jpg",
      "transform_matrix": [
        [
          0.9544482616854372,
          -0.06036194550132028,
          0.29220703499563927,
          -1.093892099852379
        ],
        [
          0.17720302015921224,
          0.9025824368012396,
          -0.3923570241812806,
          0.8427516638586472
        ],
        [
          -0.24005750438613851,
          0.4262644488028903,
          0.8721645568782689,
          -1.9623876300962977
        ],
        [
          0.0,
          0.0,
          0.0,
          1.0
        ]
      ],
      "gt_points": 12795
    },
    {
      "file_path": "img/PXL_20240930_010419844.jpg",
      "transform_matrix": [
        [
          -0.9925951310902442,
          -0.04127320895626461,
          0.11424284642109608,
          -1.5448477827665923
        ],
        [
          -0.06743238696731942,
          0.9695014740330438,
          -0.23562632500560068,
          0.5099129261881914
        ],
        [
          -0.10103355345543041,
          -0.24158521078536202,
          -0.965105593707736,
          0.055947232402076594
        ],
        [
          0.0,
          0.0,
          0.0,
          1.0
        ]
      ],
      "gt_points": 1758
    },
    {
      "file_path": "img/PXL_20240930_010453297.jpg",
      "transform_matrix": [
        [
          0.9343962426416985,
          -0.06422252816785404,
          0.35039852826860624,
          -1.2971422747232564
        ],
        [
          0.25074353546194394,
          0.8172596215002427,
          -0.5188587384725489,
          0.9379627488575278
        ],
        [
          -0.2530441486403528,
          0.5726798214892936,
          0.7797477033617154,
          -1.83387469176392
        ],
        [
          0.0,
          0.0,
          0.0,
          1.0
        ]
      ],
      "gt_points": 5797
    },
    {
      "file_path": "img/PXL_20240930_010455180.jpg",
      "transform_matrix": [
        [
          0.9948017070780012,
          -0.014632446701353989,
          -0.10077427795934181,
          -0.6233272100875145
        ],
        [
          -0.04317993441222528,
          0.8356329470983299,
          -0.5475884138547088,
          1.2022633657002648
        ],
        [
          0.09222286516287907,
          0.5490933155915231,
          0.8306572541751848,
          -2.0961638039687074
        ],
        [
          0.0,
          0.0,
          0.0,
          1.0
        ]
      ],
      "gt_points": 5176
    },
    {
      "file_path": "img/PXL_20240930_010439623.jpg",
      "transform_matrix": [
        [
          0.5407185671908881,
          -0.0708617203345612,
          0.8382136050472216,
          -1.3142243922004804
        ],
        [
          -0.0921460958029805,
          0.9854598048969434,
          0.14275177743463063,
          0.26346567732731535
        ],
        [
          -0.8361414522216329,
          -0.15442664771244896,
          0.5263267828573748,
          -0.89918119990761
        ],
        [
          0.0,
          0.0,
          0.0,
          1.0
        ]
      ],
      "gt_points": 12049
    },
    {
      "file_path": "img/PXL_20240930_010437891.jpg",
      "transform_matrix": [
        [
          0.4851973376597714,
          -0.059263895319860024,
          0.8723940246467683,
          -1.5551388247672027
        ],
