{
  "camera_angle_x": 0.7006601063337536,
  "camera_angle_y": 1.1521943775044647,
  "fl_x": 2955.6442260993767,
  "fl_y": 2955.6442260993767,
  "k1": 0.019166197947233968,
  "k2": 0,
  "k3": 0,
  "k4": 0,
  "p1": 0,
  "p2": 0,
  "is_fisheye": false,
  "cx": 1080.0,
  "cy": 1920.0,
  "w": 2160.0,
  "h": 3840.0,
  "aabb_scale": 4,
  "frames": [
    {
      "file_path": "img/IMG_1132_frame0000.jpg",
      "transform_matrix": [
        [
          0.8517806449624273,
          0.07506723052302584,
          -0.5184926651062619,
          -2.286177363365923
        ],
        [
          -0.12321542491884001,
          0.9906247607352849,
          -0.058996122586395874,
          -0.6104509106534172
        ],
        [
          0.5092029967797332,
          0.11413804939529255,
          0.8530444383212265,
          2.738713066847029
        ],
        [
          0.0,
          0.0,
          0.0,
          1.0
        ]
      ],
      "gt_points": 7932
    },
    {
      "file_path": "img/IMG_1132_frame0001.jpg",
      "transform_matrix": [
        [
          0.8597483694833302,
          0.07084677422588889,
          -0.5057800665828389,
          -2.2290424228168724
        ],
        [
          -0.11895661407417932,
          0.9908724509198904,
          -0.06341222260744396,
          -0.6271246275765523
        ],
        [
          0.49667098278313154,
          0.1146844391789714,
          0.8603286664243166,
          2.7637710820719317
        ],
        [
          0.0,
          0.0,
          0.0,
          1.0
        ]
      ],
      "gt_points": 8028
    },
    {
      "file_path": "img/IMG_1132_frame0002.jpg",
      "transform_matrix": [
        [
          0.8685132174252395,
          0.0647303968277401,
          -0.4914211705697895,
          -2.0960394508708506
        ],
        [
          -0.11289601278664538,
          0.991210622586808,
          -0.06896370036439446,
          -0.6445631362668016
        ],
        [
          0.4826378367415224,
          0.11537537604530558,
          0.8681873306768926,
          2.7692335070824594
        ],
        [
          0.0,
          0.0,
          0.0,
          1.0
        ]
      ],
      "gt_points": 8216
    },
    {
      "file_path": "img/IMG_1132_frame0003.jpg",
      "transform_matrix": [
        [
          0.8787189130930427,
          0.059808232401371,
          -0.47357792084260564,
          -1.940430570819206
        ],
        [
          -0.10772460667613121,
          0.9913718276254608,
          -0.07468137992181548,
          -0.663183812192086
        ],
        [
          0.46502524758238073,
          0.11663993624645597,
          0.8775799931535405,
          2.7684350897202825
        ],
        [
          0.0,
          0.0,
          0.0,
          1.0
        ]
      ],
      "gt_points": 8497
    },
    {
      "file_path": "img/IMG_1132_frame0005.jpg",
      "transform_matrix": [
        [
          0.938416808580522,
          0.05609654140112995,
          -0.34092091666012403,
          -1.3679777517624077
        ],
        [
          -0.0833432628600873,
          0.9943463939850791,
          -0.0657962712066886,
          -0.5948383860487486
        ],
        [
          0.33530254086329603,
          0.09015778841398583,
          0.9377866384625645,
          2.8394471498848817
        ],
        [
          0.0,
          0.0,
          0.0,
          1.0
        ]
      ],
      "gt_points": 11414
    },
    {
      "file_path": "img/IMG_1132_frame0006.jpg",
      "transform_matrix": [
        [
          0.9731781204863486,
          0.039395769857148176,
          -0.22665462519882698,
          -0.8421968365120538
        ],
        [
          -0.05136875722340042,
          0.9975651978109509,
          -0.04716913077131845,
          -0.539483729198551
        ],
        [
          0.22424450180100616,
          0.057546932444405834,
          0.9728323360056744,
          2.91066610159727
        ],
        [
          0.0,
          0.0,
          0.0,
          1.0
        ]
      ],
      "gt_points": 13762
    },
    {
      "file_path": "img/IMG_1132_frame0007.jpg",
      "transform_matrix": [
        [
          0.9925562883582284,
          0.02676657895035967,
          -0.11880894196916068,
          -0.3175281390584553
        ],
        [
          -0.030077108352845886,
          0.9992052225241965,
          -0.026158953218774553,
          -0.46222799355371447
        ],
        [
          0.11801432961157045,
          0.02953766293505683,
          0.9925724882720992,
          2.9004780248154067
        ],
        [
          0.0,
          0.0,
          0.0,
          1.0
        ]
      ],
      "gt_points": 14281
    },
    {
      "file_path": "img/IMG_1132_frame0009.jpg",
      "transform_matrix": [
        [
          0.9999364100433853,
          0.007826901288464859,
          -0.008118835246966617,
          0.3354098690958199
        ],
        [
          -0.0078108101279855836,
          0.9999674714785926,
          0.002011772813892925,
          -0.36273493061727585
        ],
        [
          0.008134317100489641,
          -0.0019482302047725177,
          0.9999650180303199,
          2.5700143264815543
        ],
        [
          0.0,
          0.0,
          0.0,
          1.0
        ]
      ],
      "gt_points": 14028
    },
    {
      "file_path": "img/IMG_1132_frame0008.jpg",
      "transform_matrix": [
        [
          0.9990501118595997,
          0.015479620771601553,
          -0.04073395799684377,
          0.06787421865539743
        ],
        [
          -0.015849703843076282,
          0.9998358520604194,
          -0.00877814460475927,
          -0.40231913297320854
        ],
        [
          0.04059138925200766,
          0.009415427519910773,
          0.9991314672470332,
          2.7461646306713403
        ],
        [
          0.0,
          0.0,
          0.0,
          1.0
        ]
      ],
      "gt_points": 14244
    },
    {
      "file_path": "img/IMG_1132_frame0010.jpg",
      "transform_matrix": [
        [
          0.9999534631497179,
          0.0029742094162270513,
          -0.009177451347416996,
          0.5708589413975682
        ],
        [
          -0.002934278973396381,
          0.9999861843034503,
          0.004361331119280438,
          -0.34006758903802403
        ],
        [
          0.00919029606661633,
          -0.004334198954149015,
          0.9999483752562598,
          2.3822746932072993
        ],
        [
          0.0,
          0.0,
          0.0,
          1.0
        ]
      ],
      "gt_points": 13629
    },
    {
      "file_path": "img/IMG_1132_frame0013.jpg",
      "transform_matrix": [
        [
          0.9999418673752448,
          -0.007987520833992104,
          0.007243022921051521,
          1.248938515191591
        ],
        [
          0.008002195071974449,
          0.9999659833182094,
          -0.001999269985937233,
          -0.3088401543555871
        ],
        [
          -0.007226807326780165,
          0.0020571138454503926,
          0.9999717703707882,
          1.4558003771112749
        ],
        [
          0.0,
          0.0,
          0.0,
          1.0
        ]
      ],
      "gt_points": 9766
    },
    {
      "file_path": "img/IMG_1132_frame0011.jpg",
      "transform_matrix": [
        [
          0.9997314246340525,
          -0.0021084366193954767,
          -0.023078845165863685,
          0.7722603035238854
        ],
        [
          0.0020734085726419917,
          0.9999966622491181,
          -0.0015415795516527495,
          -0.34719645655308456
        ],
        [
          0.023082018457206296,
          0.0014933136459469483,
          0.9997324594301698,
          2.1126058133215873
        ],
        [
          0.0,
          0.0,
          0.0,
          1.0
        ]
      ],
      "gt_points": 12892
    },
    {
      "file_path": "img/IMG_1132_frame0004.jpg",
      "transform_matrix": [
        [
          0.8921130517345377,
          0.06699268426927019,
          -0.44681795306286426,
          -1.788687245010213
        ],
        [
          -0.11124309152911566,
          0.9910705373987083,
          -0.07351302256933916,
          -0.6434510265683588
        ],
        [
          0.4379032741507363,
          0.11528733735598741,
          0.8915994349108975,
          2.7465729562209917
        ],
        [
          0.0,
          0.0,
          0.0,
          1.0
        ]
      ],
      "gt_points": 8737
    },
    {
      "file_path": "img/IMG_1132_frame0012.jpg",
      "transform_matrix": [
        [
          0.9996503536438777,
          -0.007317782398606869,
          -0.025409063745777054,
          1.0087516928740192
        ],
        [
          0.007118129048239558,
          0.9999431495175808,
          -0.007939141749186382,
          -0.3500824143836771
        ],
        [
          0.025465716139997527,
          0.007755500862465654,
          0.9996456119584827,
          1.82198319673425
        ],
        [
          0.0,
          0.0,
          0.0,
          1.0
        ]
      ],
      "gt_points": 11864
    },
    {
      "file_path": "img/IMG_1132_frame0014.jpg",
      "transform_matrix": [
        [
          0.9968541068623619,
          -0.004283833045992903,
          0.07914251958383028,
          1.5241732075873413
        ],
        [
          0.0028421166857400446,
          0.9998281282425311,
          0.018320380666940656,
          -0.24846410035143102
        ],
        [
          -0.0792073986720151,
          -0.018037814431660897,
          0.9966949509484542,
          1.0166416585159708
        ],
        [
          0.0,
          0.0,
          0.0,
          1.0
        ]
      ],
      "gt_points": 6089
    },
    {
      "file_path": "img/IMG_1132_frame0015.jpg",
      "transform_matrix": [
        [
          0.983397682378298,
          0.00068007138888488,
          0.18146221589052075,
          1.7591885291905986
        ],
        [
          -0.009122536717972345,
          0.9989138253653391,
          0.04569407858589675,
          -0.21310887456597336
        ],
        [
          -0.18123404099898338,
          -0.04659084670716858,
          0.9823357447361304,
          0.5176755958926257
        ],
        [
          0.0,
          0.0,
          0.0,
          1.0
        ]
      ],
      "gt_points": 4176
    },
    {
      "file_path": "img/IMG_1132_frame0018.jpg",
      "transform_matrix": [
        [
          0.7171306149884303,
          -0.058372032908272455,
          0.6944900192374772,
          1.581891475413892
        ],
        [
          -0.007024073781374589,
          0.9958304308962669,
          0.09095281902431211,
          -0.20117409904165776
        ],
        [
          -0.6969033960556008,
          -0.07010320017738865,
          0.7137304798669168,
          -1.6638188025126883
        ],
        [
          0.0,
          0.0,
          0.0,
          1.0
        ]
      ],
      "gt_points": 2356
    },
    {
      "file_path": "img/IMG_1132_frame0017.jpg",
      "transform_matrix": [
        [
          0.8593901072592751,
          -0.02288114600548044,
          0.5108082778326595,
          1.912906370733502
        ],
        [
          -0.02085841454777445,
          0.9965979160734273,
          0.07973405935141616,
          -0.22144471216481262
        ],
        [
          -0.5108948718547142,
          -0.07917731263169929,
          0.8559891255600023,
          -0.8937773569191254
        ],
        [
          0.0,
          0.0,
          0.0,
          1.0
        ]
      ],
      "gt_points": 2222
    },
    {
      "file_path": "img/IMG_1132_frame0019.jpg",
      "transform_matrix": [
        [
          0.5232740055093953,
          -0.09714802231983755,
          0.8466088689102529,
          0.9959136577915462
        ],
        [
          0.01904541279513175,
          0.9945656615512874,
          0.10235437027559183,
          -0.15266076769635198
        ],
        [
          -0.851951634430979,
          -0.03743536593108538,
          0.5222805816493558,
          -2.3117972400492945
        ],
        [
          0.0,
          0.0,
          0.0,
          1.0
        ]
      ],
      "gt_points": 1948
    },
    {
      "file_path": "img/IMG_1132_frame0016.jpg",
      "transform_matrix": [
        [
          0.9458516089618506,
          -0.0024506834712437527,
          0.32459009223142066,
          1.9101578326247135
        ],
        [
          -0.020384191736963292,
          0.9975493686737861,
          0.0669308731883994,
          -0.21117846873791768
        ],
        [
          -0.32395866796785844,
          -0.06992318077043304,
          0.9434837201772144,
          -0.13144435950919128
        ],
        [
          0.0,
          0.0,
          0.0,
          1.0
        ]
      ],
      "gt_points": 2786
    },
    {
      "file_path": "img/IMG_1132_frame0021.jpg",
      "transform_matrix": [
        [
          -0.11197788182190292,
          -0.10582047122446553,
          0.9880602116533752,
          -1.1829324158228298
        ],
        [
          0.06261507258103688,
          0.9915864764119101,
          0.11329436209575411,
          -0.01677986582304148
        ],
        [
          -0.9917360065402243,
          0.07455392455695692,
          -0.10440979678557061,
          -2.650291244126143
        ],
        [
          0.0,
          0.0,
          0.0,
          1.0
        ]
      ],
      "gt_points": 1085
    },
    {
      "file_path": "img/IMG_1132_frame0030.jpg",
      "transform_matrix": [
        [
          0.5053238457091973,
          0.08034554610278467,
          -0.8591812405884527,
          3.2153011790973838
        ],
        [
          0.09194432440938936,
          0.9849751155311514,
          0.1461857140533784,
          -0.033678702365680345
        ],
        [
          0.8580175127388534,
          -0.15286796592432453,
          0.4903440963523384,
          0.16966129533816698
        ],
        [
          0.0,
          0.0,
          0.0,
          1.0
        ]
      ],
      "gt_points": 6544
    },
    {
      "file_path": "img/IMG_1132_frame0029.jpg",
      "transform_matrix": [
        [
          0.6532845366127804,
          0.0442380903044898,
          -0.7558189635017348,
          3.3429396939514904
        ],
        [
          0.09033195947154063,
          0.9866063483580081,
          0.1358236005917557,
          0.004717179227613257
        ],
        [
          0.7517043643086402,
          -0.15700606595252503,
          0.6405385577258051,
          -0.13601621161562746
        ],
        [
          0.0,
          0.0,
          0.0,
          1.0
        ]
      ],
      "gt_points": 5455
    },
    {
      "file_path": "img/IMG_1132_frame0034.jpg",
      "transform_matrix": [
        [
          0.5632978523267751,
          0.15908940105150293,
          -0.8107934953100676,
          2.6993813068202024
        ],
        [
          -0.1627369642887609,
          0.9834289032959533,
          0.07990164338858763,
          -0.07647040842292954
        ],
        [
          0.8100692624819937,
          0.08693764797366282,
          0.579853115320325,
          -1.2779745413535488
        ],
        [
          0.0,
          0.0,
          0.0,
          1.0
        ]
      ],
      "gt_points": 2440
    },
    {
      "file_path": "img/IMG_1132_frame0031.jpg",
      "transform_matrix": [
        [
          0.4521356448975784,
          0.129457047548957,
          -0.8825045220580788,
          3.07451287522271
        ],
        [
          0.05382159336603873,
          0.9836485097879387,
          0.1718686861516899,
          -0.18529485591404835
        ],
        [
          0.8903238706788624,
          -0.12520575878079407,
          0.4377749687539637,
          0.0716888267869642
        ],
        [
          0.0,
          0.0,
          0.0,
          1.0
        ]
      ],
      "gt_points": 5932
    },
    {
      "file_path": "img/IMG_1132_frame0036.jpg",
      "transform_matrix": [
        [
          -0.36848887000607267,
          0.19492381593969937,
          -0.9089668083385408,
          2.6990091100270988
        ],
        [
          -0.08082543021103711,
          0.9673502119918074,
          0.24020994398776668,
          -0.41828011736579485
        ],
        [
          0.9261118736485611,
          0.16198232415579006,
          -0.34070298523529274,
          1.0454850436046843
        ],
        [
          0.0,
          0.0,
          0.0,
          1.0
        ]
      ],
      "gt_points": 3960
    },
    {
      "file_path": "img/IMG_1132_frame0037.jpg",
      "transform_matrix": [
        [
          -0.6341653793530156,
          0.18489580984415446,
          -0.7507648174575847,
          2.2850015522808516
        ],
        [
          -0.014765929978555442,
          0.9679140566570268,
          0.25084725678708597,
          -0.41313286126251
        ],
        [
          0.7730564267515758,
          0.1701643864849873,
          -0.6110874263395326,
          1.6879081740909443
        ],
        [
          0.0,
          0.0,
          0.0,
          1.0
        ]
      ],
      "gt_points": 4465
    },
    {
      "file_path": "img/IMG_1132_frame0035.jpg",
      "transform_matrix": [
        [
          0.055042903017224254,
          0.1832511723965966,
          -0.9815239613186777,
          2.936615527226966
        ],
        [
          -0.15598671322136853,
          0.972522668699497,
          0.1728230429196374,
          -0.27832810178802975
        ],
        [
          0.9862243274863132,
          0.14359201468355104,
          0.08211521901138596,
          0.006500941425208238
        ],
        [
          0.0,
          0.0,
          0.0,
          1.0
        ]
      ],
      "gt_points": 3890
    },
    {
      "file_path": "img/IMG_1132_frame0038.jpg",
      "transform_matrix": [
        [
          -0.8681824198736021,
          0.12604717599714893,
          -0.4799702024559027,
          1.6212478586017292
        ],
        [
          -0.004530959467056166,
          0.965149972413276,
          0.2616581761706678,
          -0.4381685900288991
        ],
        [
          0.4962245018423862,
          0.2293417541002861,
          -0.8373551239453184,
          2.3335338501043235
        ],
        [
          0.0,
          0.0,
          0.0,
          1.0
        ]
      ],
      "gt_points": 7028
    },
    {
      "file_path": "img/IMG_1132_frame0040.jpg",
      "transform_matrix": [
        [
          -0.96323069350928,
          -0.02775720810415311,
          0.26723803711278604,
          -0.4541135769345829
        ],
        [
          0.05023360712478972,
          0.9585039508581512,
          0.2806185327175439,
          -0.49550480066594293
        ],
        [
          -0.26393790140270557,
          0.28372471444619995,
          -0.9218660806296968,
          2.645435886945708
        ],
        [
          0.0,
          0.0,
          0.0,
          1.0
        ]
      ],
      "gt_points": 7012
    },
    {
      "file_path": "img/IMG_1132_frame0032.jpg",
      "transform_matrix": [
        [
          0.5530553327571598,
          0.1553413687993791,
          -0.8185345796289872,
          2.9219541233976205
        ],
        [
          -0.05125462833510792,
          0.9869469701168226,
          0.15267167796108583,
          -0.2653360752589932
        ],
        [
          0.8315664507320492,
          -0.04248219999904474,
          0.553798249094509,
          -0.6301200195059978
        ],
        [
          0.0,
          0.0,
          0.0,
          1.0
        ]
      ],
      "gt_points": 4301
    },
    {
      "file_path": "img/IMG_1132_frame0039.jpg",
      "transform_matrix": [
        [
          -0.9932149095156776,
          0.0468387990593946,
          -0.10644374297458233,
          0.6174917788021197
        ],
        [
          0.013680394033102256,
          0.9560069878577564,
          0.2930247190703177,
          -0.5404914217114437
        ],
        [
          0.11548588803340583,
          0.2895803274910318,
          -0.9501611671686668,
          2.701454096630362
        ],
        [
          0.0,
          0.0,
          0.0,
          1.0
        ]
      ],
      "gt_points": 9935
    },
    {
      "file_path": "img/IMG_1132_frame0026.jpg",
      "transform_matrix": [
        [
          0.9920804638924078,
          -0.04195712825723394,
          -0.11838898830309741,
          3.0416306857507074
        ],
        [
          0.0632215643770247,
          0.9812588602375761,
          0.18202769844991917,
          -0.14847191706358498
        ],
        [
          0.10853288423674473,
          -0.18807086056499822,
          0.9761403405482196,
          -1.8414368340277545
        ],
        [
          0.0,
          0.0,
          0.0,
          1.0
        ]
      ],
      "gt_points": 2459
    },
    {
      "file_path": "img/IMG_1132_frame0062.jpg",
      "transform_matrix": [
        [
          -0.9994948046506089,
          0.025979722689081938,
          0.018308180833726116,
          5.41730985191642
        ],
        [
          0.02742394530942688,
          0.996119077590459,
          0.08363438577522175,
          0.17053503914787044
        ],
        [
          -0.016064330054738618,
          0.08409421662237809,
          -0.9963283093592,
          -1.0493088120046636
        ],
        [
          0.0,
          0.0,
          0.0,
          1.0
        ]
      ],
      "gt_points": 1099
    },
    {
      "file_path": "img/IMG_1132_frame0033.jpg",
      "transform_matrix": [
        [
          0.6919238386436255,
          0.14489343888775616,
          -0.70728162204595,
          2.664556593398507
        ],
        [
          -0.1391766275324776,
          0.9880485413753878,
          0.0662566693598054,
          -0.08273540221104748
        ],
        [
          0.7084287316769106,
          0.05259250187287773,
          0.7038201196906745,
          -1.4605582480657833
        ],
        [
          0.0,
          0.0,
          0.0,
          1.0
        ]
      ],
      "gt_points": 2397
    },
    {
      "file_path": "img/IMG_1132_frame0044.jpg",
      "transform_matrix": [
        [
          -0.028910899527761418,
          -0.22730820373893312,
          0.9733936204852977,
          -2.323406586792537
        ],
        [
          0.11188908119940615,
          0.9669448454214977,
          0.22912551019288224,
          -0.323924342549853
        ],
        [
          -0.9933000520471388,
          0.11553634244589685,
          -0.002521939209431112,
          0.855482314365522
        ],
        [
          0.0,
          0.0,
          0.0,
          1.0
        ]
      ],
      "gt_points": 3997
    },
    {
      "file_path": "img/IMG_1132_frame0028.jpg",
      "transform_matrix": [
        [
          0.8043843303972993,
          0.011532613301704499,
          -0.59399734666219,
          3.4466860531063137
        ],
        [
          0.08939911449865395,
          0.9860778153570189,
          0.14020820371000253,
          -0.013938171562684867
        ],
        [
          0.587344572919632,
          -0.1658841188636283,
          0.7921545378085595,
          -0.6231057786630737
        ],
        [
          0.0,
          0.0,
          0.0,
          1.0
        ]
      ],
      "gt_points": 3344
    },
    {
      "file_path": "img/IMG_1132_frame0025.jpg",
      "transform_matrix": [
        [
          0.9647613889538771,
          -0.10015870637109178,
          0.24331809616601743,
          2.362894475909602
        ],
        [
          0.04986090904284137,
          0.9775544249376307,
          0.2046979140936219,
          -0.2051371194141373
        ],
        [
          -0.25835895984696833,
          -0.18535258245551298,
          0.9481007689290548,
          -2.6595892079809382
        ],
        [
          0.0,
          0.0,
          0.0,
          1.0
        ]
      ],
      "gt_points": 3020
    },
    {
      "file_path": "img/IMG_1132_frame0020.jpg",
      "transform_matrix": [
        [
          0.25575880071770357,
          -0.118818373574669,
          0.9594110849664561,
          0.08373752536667133
        ],
        [
          0.05128439113811285,
          0.9926884484562443,
          0.10926827319550567,
          -0.05928186351164089
        ],
        [
          -0.9653793798714758,
          0.02125649083468404,
          0.2599823350082847,
          -2.7170615840982415
        ],
        [
          0.0,
          0.0,
          0.0,
          1.0
        ]
      ],
      "gt_points": 1655
    },
    {
      "file_path": "img/IMG_1132_frame0046.jpg",
      "transform_matrix": [
        [
          0.4102514372107689,
          -0.18290216977035342,
          0.8934430897151735,
          -2.260528769452379
        ],
        [
          0.14613072688213666,
          0.980207377875807,
          0.13356386868735584,
          -0.14513487682025378
        ],
        [
          -0.9001886296368096,
          0.07576471903948213,
          0.42885911255501075,
          0.11487764422486484
        ],
        [
          0.0,
          0.0,
          0.0,
          1.0
        ]
      ],
      "gt_points": 2373
    },
    {
      "file_path": "img/IMG_1132_frame0049.jpg",
      "transform_matrix": [
        [
          -0.8301938717024882,
          -0.0032380951729627516,
          0.5574653802051605,
          0.837402282797405
        ],
        [
          0.1683595192639852,
          0.9518343119297558,
          0.25625478513855726,
          -0.3056713065990335
        ],
        [
          -0.5314444539750444,
          0.30659575563412356,
          -0.7896618484935868,
          1.4805354063109326
        ],
        [
          0.0,
          0.0,
          0.0,
          1.0
        ]
      ],
      "gt_points": 4564
    },
    {
      "file_path": "img/IMG_1132_frame0050.jpg",
      "transform_matrix": [
        [
          -0.965754875383658,
          0.04748325666857555,
          0.2550742264691621,
          1.568787386318742
        ],
        [
          0.12969579538580056,
          0.939819419703594,
          0.31609881209401053,
          -0.24303739575216912
        ],
        [
          -0.22471431047429927,
          0.3383560235671093,
          -0.9137935653001251,
          0.7648783167615317
        ],
        [
          0.0,
          0.0,
          0.0,
          1.0
        ]
      ],
      "gt_points": 5189
    },
    {
      "file_path": "img/IMG_1132_frame0027.jpg",
      "transform_matrix": [
        [
          0.9231282274820273,
          -0.02011741447628168,
          -0.38396557822372557,
          3.3464332285647727
        ],
        [
          0.08640568535879802,
          0.983941413457527,
          0.15618371368641587,
          -0.054551772772858734
        ],
        [
          0.37465762125381463,
          -0.1773544037175097,
          0.9100423519366776,
          -1.2019006713245937
        ],
        [
          0.0,
          0.0,
          0.0,
          1.0
        ]
      ],
      "gt_points": 2666
    },
    {
      "file_path": "img/IMG_1132_frame0051.jpg",
      "transform_matrix": [
        [
          -0.9944851888150592,
          0.09442845992497961,
          -0.0456341449319723,
          1.902532062422844
        ],
        [
          0.07139402489931676,
          0.9282757028932507,
          0.36497549592639383,
          -0.08522192945431455
        ],
        [
          0.07682514195334411,
          0.3597047196996975,
          -0.9298980654833142,
          -0.09029630561282502
        ],
        [
          0.0,
          0.0,
          0.0,
          1.0
        ]
      ],
      "gt_points": 2947
    },
    {
      "file_path": "img/IMG_1132_frame0047.jpg",
      "transform_matrix": [
        [
          0.06837369571348043,
          -0.132297961169236,
          0.9888489708772236,
          -1.6892321148414584
        ],
        [
          0.20614020260597402,
          0.9716530181585585,
          0.11574380835678341,
          -0.2014163559815313
        ],
        [
          -0.9761307569194041,
          0.1959276952700336,
          0.09370743632244172,
          1.08837149168536
        ],
        [
          0.0,
          0.0,
          0.0,
          1.0
        ]
      ],
      "gt_points": 5560
    },
    {
      "file_path": "img/IMG_1132_frame0052.jpg",
      "transform_matrix": [
        [
          -0.9464875423067091,
          0.12184059998051651,
          -0.29885816109752256,
          2.0094065229291918
        ],
        [
          0.002214942082971197,
          0.9284322868241242,
          0.3714950643199669,
          0.13189908092270597
        ],
        [
          0.3227327474703707,
          0.35095349688942407,
          -0.8790194632266742,
          -0.8138217590387654
        ],
        [
          0.0,
          0.0,
          0.0,
          1.0
        ]
      ],
      "gt_points": 2776
    },
    {
      "file_path": "img/IMG_1132_frame0059.jpg",
      "transform_matrix": [
        [
          -0.540260797869766,
          0.1699646408948743,
          -0.824154288425778,
          2.006854833443114
        ],
        [
          -0.1420702042298734,
          0.9469079589823091,
          0.2884118137074828,
          1.019256731410911
        ],
        [
          0.8294180654864023,
          0.27290536466224724,
          -0.4874303381852221,
          -4.0636065742682606
        ],
        [
          0.0,
          0.0,
          0.0,
          1.0
        ]
      ],
      "gt_points": 1848
    },
    {
      "file_path": "img/IMG_1132_frame0053.jpg",
      "transform_matrix": [
        [
          -0.8506972424818746,
          0.12961224814742311,
          -0.5094260169680244,
          1.9125347804545636
        ],
        [
          -0.06824470637835058,
          0.9336898024379001,
          0.3515195768016451,
          0.36089295653316783
        ],
        [
          0.5212071197566931,
          0.33380236361303034,
          -0.7854419904495091,
          -1.5417842611451997
        ],
        [
          0.0,
          0.0,
          0.0,
          1.0
        ]
      ],
      "gt_points": 2169
    },
    {
      "file_path": "img/IMG_1132_frame0073.jpg",
      "transform_matrix": [
        [
          0.7895682002345344,
          -0.05293705110042199,
          0.6113752741149986,
          -0.609211695286792
        ],
        [
          0.13279629051061653,
          0.9874048092876055,
          -0.08600516160282107,
          -1.0140839006601947
        ],
        [
          -0.5991220263060092,
          0.14909530917000285,
          0.7866532821888452,
          5.029479672693279
        ],
        [
          0.0,
          0.0,
          0.0,
          1.0
        ]
      ],
      "gt_points": 19186
    },
    {
      "file_path": "img/IMG_1132_frame0057.jpg",
      "transform_matrix": [
        [
          -0.3388359258735447,
          0.15553761443974248,
          -0.9278999223148002,
          0.8002571221843934
        ],
        [
          -0.26551913613946443,
          0.9303432209959123,
          0.2529052777043287,
          1.3191689158303015
        ],
        [
          0.9026016860615599,
          0.332068579726154,
          -0.27393549364309233,
          -3.651470722266341
        ],
        [
          0.0,
          0.0,
          0.0,
          1.0
        ]
      ],
      "gt_points": 1994
    },
    {
      "file_path": "img/IMG_1132_frame0056.jpg",
      "transform_matrix": [
        [
          -0.4510504610540125,
          0.14878213840701016,
          -0.8800098618049693,
          1.0686118456713856
        ],
        [
          -0.23978479362516747,
          0.9295533267155096,
          0.2800604676463012,
          1.1404647122443898
        ],
        [
          0.8596840898429491,
          0.33733438615588296,
          -0.38359976223628567,
          -3.2741670849477464
        ],
        [
          0.0,
          0.0,
          0.0,
          1.0
        ]
      ],
      "gt_points": 2158
    },
    {
      "file_path": "img/IMG_1132_frame0055.jpg",
      "transform_matrix": [
        [
          -0.5915623329880801,
          0.13792514236031855,
          -0.7943743835840795,
          1.4284328023424246
        ],
        [
          -0.19301962507986525,
          0.9323817570225605,
          0.3056267061392889,
          0.8827200206359285
        ],
        [
          0.7828137904532142,
          0.33412709299966814,
          -0.5249396681523154,
          -2.781211080467271
        ],
        [
          0.0,
          0.0,
          0.0,
          1.0
        ]
      ],
      "gt_points": 1675
    },
    {
      "file_path": "img/IMG_1132_frame0060.jpg",
      "transform_matrix": [
        [
          -0.8004935596753471,
          0.12810883129344725,
          -0.5854896995361389,
          3.5384439491017816
        ],
        [
          -0.03388768249697849,
          0.9656512166546544,
          0.25762250046991175,
          0.5539581641523916
        ],
        [
          0.5983825581459365,
          0.22606604149675547,
          -0.7686562684247827,
          -3.4578443371826295
        ],
        [
          0.0,
          0.0,
          0.0,
          1.0
        ]
      ],
      "gt_points": 1034
    },
    {
      "file_path": "img/IMG_1132_frame0058.jpg",
      "transform_matrix": [
        [
          -0.3428066900465985,
          0.17904264750551513,
          -0.9221861545444672,
          0.9555397139741114
        ],
        [
          -0.22993180387634632,
          0.9358181382206548,
          0.26716245571449004,
          1.2877505451403146
        ],
        [
          0.9108320036238655,
          0.3036250031724056,
          -0.279637119537253,
          -3.9897578829924463
        ],
        [
          0.0,
          0.0,
          0.0,
          1.0
        ]
      ],
      "gt_points": 1869
    },
    {
      "file_path": "img/IMG_1132_frame0042.jpg",
      "transform_matrix": [
        [
          -0.6066378667114218,
          -0.146640745422223,
          0.7813366690830721,
          -1.758037644326057
        ],
        [
          0.01923287686299112,
          0.9798453919488571,
          0.19882933466710478,
          -0.17774058843280252
        ],
        [
          -0.7947456166091063,
          0.13564475536711812,
          -0.5915909948790689,
          2.0314344226279792
        ],
        [
          0.0,
          0.0,
          0.0,
          1.0
        ]
      ],
      "gt_points": 3619
    },
    {
      "file_path": "img/IMG_1132_frame0043.jpg",
      "transform_matrix": [
        [
          -0.33490527195825814,
          -0.19591288583994354,
          0.921659698574496,
          -2.1247199691768155
        ],
        [
          0.05654131336403094,
          0.9722047553712666,
          0.22720253853459932,
          -0.2703951349821111
        ],
        [
          -0.9405538467826475,
          0.12820317778963541,
          -0.314519326126398,
          1.4340262536705495
        ],
        [
          0.0,
          0.0,
          0.0,
          1.0
        ]
      ],
      "gt_points": 4229
    },
    {
      "file_path": "img/IMG_1132_frame0024.jpg",
      "transform_matrix": [
        [
          0.6546318938109551,
          -0.1859569255890255,
          0.7327189812137802,
          0.696699236836523
        ],
        [
          0.030289449933946416,
          0.9749458863573888,
          0.22037029722152807,
          -0.2839359512170987
        ],
        [
          -0.7553407395528069,
          -0.12206777011268495,
          0.643863204936837,
          -3.4232747964692445
        ],
        [
          0.0,
          0.0,
          0.0,
          1.0
        ]
      ],
      "gt_points": 1072
    },
    {
      "file_path": "img/IMG_1132_frame0041.jpg",
      "transform_matrix": [
        [
          -0.825082569744224,
          -0.08596949637624872,
          0.5584335222719725,
          -1.206876323469869
        ],
        [
          0.04119212317894068,
          0.9765739973480125,
          0.2112023595789947,
          -0.23974715454566728
        ],
        [
          -0.5635086175847521,
          0.19726244801415738,
          -0.8022129171929252,
          2.434261580550844
        ],
        [
          0.0,
          0.0,
          0.0,
          1.0
        ]
      ],
      "gt_points": 4485
    },
    {
      "file_path": "img/IMG_1132_frame0070.jpg",
      "transform_matrix": [
        [
          0.6355333375474119,
          -0.12302971284825975,
          0.7622080205707115,
          -0.4347734481547298
        ],
        [
          0.1723644048679157,
          0.9849150605404597,
          0.015258946723534644,
          -0.8252989859785289
        ],
        [
          -0.7525874625585897,
          0.12167996251255661,
          0.6471522988621505,
          5.531273976422221
        ],
        [
          0.0,
          0.0,
          0.0,
          1.0
        ]
      ],
      "gt_points": 18115
    },
    {
      "file_path": "img/IMG_1132_frame0071.jpg",
      "transform_matrix": [
        [
          0.7011691019530857,
          -0.08725887647095368,
          0.7076353431982678,
          -0.6023137313211733
        ],
        [
          0.16369240526349157,
          0.985673451563561,
          -0.040652716290909566,
          -0.9646934120916711
        ],
        [
          -0.6939500608295646,
          0.14433895995123142,
          0.7054073842219406,
          5.34211729421909
        ],
        [
          0.0,
          0.0,
          0.0,
          1.0
        ]
      ],
      "gt_points": 18614
    },
    {
      "file_path": "img/IMG_1132_frame0072.jpg",
      "transform_matrix": [
        [
          0.7539199288652026,
          -0.06293850337863047,
          0.6539445585463235,
          -0.6623348185625334
        ],
        [
          0.147270069489891,
          0.9862591329422264,
          -0.07486287010588331,
          -1.0195232322589463
        ],
        [
          -0.640247036301091,
          0.1527470702845256,
          0.7528293731166205,
          5.186245091718011
        ],
        [
          0.0,
          0.0,
          0.0,
          1.0
        ]
      ],
      "gt_points": 18674
    },
    {
      "file_path": "img/IMG_1132_frame0054.jpg",
      "transform_matrix": [
        [
          -0.7282329616579666,
          0.13142961633729913,
          -0.6726091060224333,
          1.707931222789926
        ],
        [
          -0.1344111132676903,
          0.93498743086431,
          0.32822577101120093,
          0.6126674848883481
        ],
        [
          0.6720196471718716,
          0.32943096405041755,
          -0.6632230648430479,
          -2.2242337092976454
        ],
        [
          0.0,
          0.0,
          0.0,
          1.0
        ]
      ],
      "gt_points": 1377
    },
    {
      "file_path": "img/IMG_1132_frame0075.jpg",
      "transform_matrix": [
        [
          0.8337081944925062,
          -0.0674301524140607,
          0.548072824523769,
          -0.1939089276574534
        ],
        [
          0.1308460741325865,
          0.9883738050184279,
          -0.07743724192844559,
          -0.968351764654851
        ],
        [
          -0.5364792179759951,
          0.13627324058233692,
          0.8328383111871436,
          4.801606225948146
